
x =  5000:-0.1:0;
y = x - 0.1.*x.^2;
z =  1000:-0.1/5:0;